accuracy: 0.9960686200082772
flexible_params:
  R_0_end_mult: 3.0223500232739506
  R_0_middle_mult: 1.4245905059904234
  R_0_start_mult: 0.7241228915035937
  compliance: 0.6687986290558656
  compliance_end_mult: 2.1498935735467004
  compliance_k: 1.7697405590014004
  compliance_start_mult: 0.7702884594398354
  compliance_x0: 81.2388791720706
  k1: 2.2604904870015217
  k2: 4.095233303443801
  mask_effectiveness_in: 0.567586674441756
  mask_effectiveness_out: 0.5618380898315992
  x01: 145.8163680466107
  x02: 146.03296134432478
model_constants:
  fit_method: least_sqares
  how_many_days: 500
  name: South Korea
test:
  1918h1n1:
    R_0: 2.5
    days_until_death: 4.1
    death_rate: 0.02
    incubation_period: 1.9
    infection_period: 4.1
  coronavirus:
    R_0: 2.79
    days_until_death: 17.8
    death_rate: 0.0269
    incubation_period: 5
    infection_period: 14
  measles:
    R_0: 15
    days_until_death: 12
    death_rate: 0.097
    incubation_period: 7
    infection_period: 9
  smallpox:
    R_0: 4.75
    days_until_death: 14
    death_rate: 0.3
    incubation_period: 12
    infection_period: 14
train:
  coronavirus:
    fixed_parameters:
      R_0: 2.79
      days_until_death: 17.8
      death_rate: 0.0269
      how_many_days: 500
      incubation_period: 5
      infection_period: 14
