accuracy: 0.996061348438535
flexible_params:
  R_0_end_mult: 1.2166704723564692
  R_0_middle_mult: 0.3000054170282307
  R_0_start_mult: 4.150928077529799
  compliance: 0.6495106083865415
  k1: 4.794044853050954
  k2: 4.880225363150885
  mask_effectiveness_in: 0.5442315461411831
  mask_effectiveness_out: 0.5470198034515573
  x01: 80.81345868506172
  x02: 146.48111056655256
model_constants:
  fit_method: least_sqares
  how_many_days: 500
  name: South Korea
test:
  1918h1n1:
    R_0: 2.5
    days_until_death: 4.1
    death_rate: 0.02
    incubation_period: 1.9
    infection_period: 4.1
  coronavirus:
    R_0: 2.79
    days_until_death: 17.8
    death_rate: 0.0269
    incubation_period: 5
    infection_period: 14
  measles:
    R_0: 15
    days_until_death: 12
    death_rate: 0.097
    incubation_period: 7
    infection_period: 9
  smallpox:
    R_0: 4.75
    days_until_death: 14
    death_rate: 0.3
    incubation_period: 12
    infection_period: 14
train:
  coronavirus:
    fixed_parameters:
      R_0: 2.79
      days_until_death: 17.8
      death_rate: 0.0269
      how_many_days: 500
      incubation_period: 5
      infection_period: 14
