accuracy: 0.9926920175501467
flexible_params:
  R_0_end_mult: 0.3922233547838296
  R_0_middle_mult: 0.8825936807411557
  R_0_start_mult: 2.4845449019436874
  compliance: 0.6808357107018803
  k1: 2.422465107148524
  k2: 3.852817476408514
  mask_effectiveness_in: 0.5880149719795713
  mask_effectiveness_out: 0.5880859808773649
  x01: 85.22185236882957
  x02: 85.69339535653475
model_constants:
  fit_method: least_sqares
  how_many_days: 500
  name: United States
test:
  1918h1n1:
    R_0: 2.5
    days_until_death: 4.1
    death_rate: 0.02
    incubation_period: 1.9
    infection_period: 4.1
  coronavirus:
    R_0: 2.79
    days_until_death: 17.8
    death_rate: 0.0269
    incubation_period: 5
    infection_period: 14
  measles:
    R_0: 15
    days_until_death: 12
    death_rate: 0.097
    incubation_period: 7
    infection_period: 9
  smallpox:
    R_0: 4.75
    days_until_death: 14
    death_rate: 0.3
    incubation_period: 12
    infection_period: 14
train:
  coronavirus:
    fixed_parameters:
      R_0: 2.79
      days_until_death: 17.8
      death_rate: 0.0269
      how_many_days: 500
      incubation_period: 5
      infection_period: 14
