accuracy: 0.9988923752678118
flexible_params:
  R_0_end_mult: 0.8257879103262139
  R_0_middle_mult: 0.47263383720266383
  R_0_start_mult: 2.662868379637772
  compliance: 0.7102039880086959
  compliance_end_mult: 0.95456842517195
  compliance_k: 2.0162120001404924
  compliance_start_mult: 0.6423325473433446
  compliance_x0: 101.51499108175746
  k1: 0.5241354212141505
  k2: 3.5844685778834524
  mask_effectiveness_in: 0.5940897009647966
  mask_effectiveness_out: 0.5965278733726312
  x01: 105.15645333331022
  x02: 170.7109955544445
model_constants:
  fit_method: least_sqares
  how_many_days: 500
  name: United States
test:
  1918h1n1:
    R_0: 2.5
    days_until_death: 4.1
    death_rate: 0.02
    incubation_period: 1.9
    infection_period: 4.1
  coronavirus:
    R_0: 2.79
    days_until_death: 17.8
    death_rate: 0.0269
    incubation_period: 5
    infection_period: 14
  measles:
    R_0: 15
    days_until_death: 12
    death_rate: 0.097
    incubation_period: 7
    infection_period: 9
  smallpox:
    R_0: 4.75
    days_until_death: 14
    death_rate: 0.3
    incubation_period: 12
    infection_period: 14
train:
  coronavirus:
    fixed_parameters:
      R_0: 2.79
      days_until_death: 17.8
      death_rate: 0.0269
      how_many_days: 500
      incubation_period: 5
      infection_period: 14
