flexible_params:
  R_0_end_mult: 0.3000039396448761
  R_0_middle_mult: 1.2769262046076193
  R_0_start_mult: 1.8353202424368482
  compliance: 0.6342926039375912
  k1: 4.940394609789104
  k2: 1.6258307254504456
  mask_effectiveness_in: 0.5568145484760095
  mask_effectiveness_out: 0.5582795346851287
  x01: 73.16205985890957
  x02: 67.42890190020573
model_constants:
  fit_method: least_sqares
  how_many_days: 500
  name: United States
  population_size: 1
test:
  1918h1n1:
    R_0: 2.5
    days_until_death: 4.1
    death_rate: 0.02
    incubation_period: 1.9
    infection_period: 4.1
  coronavirus:
    R_0: 2.79
    days_until_death: 17.8
    death_rate: 0.0269
    incubation_period: 5
    infection_period: 14
  measles:
    R_0: 15
    days_until_death: 12
    death_rate: 0.097
    incubation_period: 7
    infection_period: 9
  smallpox:
    R_0: 4.75
    days_until_death: 14
    death_rate: 0.3
    incubation_period: 12
    infection_period: 14
train:
  coronavirus:
    fixed_parameters:
      R_0: 2.79
      days_until_death: 17.8
      death_rate: 0.0269
      how_many_days: 500
      incubation_period: 5
      infection_period: 14
accuracy: 1