flexible_params:
  R_0_end_mult: 0.36589540900393147
  R_0_middle_mult: 0.47737311068117527
  R_0_start_mult: 3.467385907781174
  compliance: 0.5704712950944938
  k1: 4.161327257257117
  k2: 3.738045584767367
  mask_effectiveness_in: 0.539321341546169
  mask_effectiveness_out: 0.538503721476356
  x01: 81.26491975768987
  x02: 81.49101912725057
model_constants:
  fit_method: least_sqares
#  lmfit_model: models/usa.model.sav
  name: USA
  population_size: 1
test:
  1918h1n1:
    R_0: 2.5
    days_until_death: 4.1
    death_rate: 0.02
    incubation_period: 1.9
    infection_period: 4.1
  coronavirus:
    R_0: 2.79
    days_until_death: 17.8
    death_rate: 0.0269
    incubation_period: 5
    infection_period: 14
  how_many_days: 500
  measles:
    R_0: 15
    days_until_death: 12
    death_rate: 0.097
    incubation_period: 7
    infection_period: 9
  smallpox:
    R_0: 4.75
    days_until_death: 14
    death_rate: 0.3
    incubation_period: 12
    infection_period: 14
train:
  coronavirus:
    fixed_parameters:
      R_0: 2.79
      days_until_death: 17.8
      death_rate: 0.0269
      how_many_days: 500
      incubation_period: 5
      infection_period: 14
